Are 500 100 0.760063054012216 0.041181278540599706 0 0 0.0077 88h56m7.486782339s
Dware 500 100 0.7936915709262837 0.02656019898516652 0 0 0.00612 160h59m45.006791093s
Gar375 500 100 0.7869471407485626 0.029143835470426177 0 0 0.00996 76h24m13.553608575s
H 500 100 0.8041948894195577 0.024209086397637365 0 0 0.00812 33m15.728465952s
Ham 500 100 0.334628640274561 0.20453921692751528 0 0 0.00276 20m13.495138545s
Ine 500 100 0.7851230009720037 0.03492956305628286 0 0 0.0063 41m54.553739243s
Lsq 500 100 0.8013248196992788 0.02540428108127357 0 0 0.00786 54m47.031305246s
Msd 500 100 0.39078783387133564 0.242015982436126 0 0 0.0027 6h21m11.225382528s
Nsd 500 100 0.38626044904179613 0.23500246096076133 0 0 0.0028 4h38m47.497142261s
Par 500 100 0.7438857057828233 0.16127797930354404 0 0 0.00586 2h7m14.515854659s
Psis 500 100 0.8031486945147773 0.02414810439642582 0 0 0.00732 2h19m23.347270692s
Ware 500 100 0.813296999747999 0.023333945064157917 0 0 0.00792 130h20m38.238228904s
Wrcug 500 100 0.7545795811983251 0.08052794217726646 0 0 0.0082 95h17m2.646581006s
Wrcwg 500 100 0.7803142082968333 0.13681025843652012 0 0 0.00762 45h39m11.470459129s
Wrug 500 100 0.2492850112200449 0.17566918610550747 0 0 0.00328 54h0m40.289144784s
Wrwg 500 100 0.7435467169068675 0.03669002849156555 0 0 0.00562 31h24m47.788064943s
