Are 150 100 0.997853877950131 0.0010511542201741652 0 0 0.16393333333333332 3h18m3.00895571s
Bers 150 100 0.997257478110138 0.0010297742885403494 0 0 0.1624 350h47m54.779638668s
Dware 150 100 0.9967145206453619 0.012523103410424848 0 0 0.20026666666666668 5h48m47.596435723s
Gar112 150 100 0.9982075647806568 0.0011449065910832375 0 0 0.18693333333333334 2h54m27.989471533s
Gar75 150 100 0.9982040801813414 0.0028181027056848377 0 0 0.19593333333333332 1h46m53.821591167s
H 150 100 0.9983012933908174 0.0004865682916019438 0 0 0.21146666666666666 4m43.514034051s
Ham 150 100 0.6606141072936573 0.31434707557638114 0 0 0.044333333333333336 2m26.080135224s
Ine 150 100 0.9976422063202809 0.0013196785699230267 0 0 0.1488 5m43.853881103s
Lsq 150 100 0.998395270900929 0.0005275938258869476 0 0 0.21833333333333332 7m42.21346634s
Msd 150 100 0.9385179074625541 0.12093559642040863 0 0 0.12006666666666667 51m25.818521434s
Nsd 150 100 0.9323123694386422 0.12571143486887418 0 0 0.12213333333333333 37m27.515745507s
Par 150 100 0.9979772612116093 0.0008830268165766898 0 0 0.22506666666666666 19m27.898212172s
Psis 150 100 0.9982499488866173 0.0007559017565405877 0 0 0.21993333333333334 19m47.001237976s
Rgar112 150 100 0.983174541090715 0.006399597947558989 0 0 0.09266666666666666 1h33m21.885759866s
Rgar75 150 100 0.9180370327570112 0.14743478328326248 0 0 0.08406666666666666 58m35.426199116s
Ware 150 100 0.9982377172318765 0.0006574511091523721 0 0 0.21386666666666668 4h56m17.241971261s
Wrcug 150 100 0.9972479132405884 0.002285859055646441 0 0 0.1662 3h23m43.903922405s
Wrcwg 150 100 0.9983811547179875 0.0004993831097121957 0 0 0.21186666666666668 1h59m6.220109034s
Wrug 150 100 0.6023198186586072 0.2846120806198428 0 0 0.038066666666666665 2h8m22.116675177s
Wrwg 150 100 0.9847715187341659 0.09828980835150734 0 0 0.15973333333333334 1h19m24.781293498s
