=======================================================
Objective function:  Ber
Matrix:  Perfect Robinson matrix 100 x 100
Iterations:  100
Heuristic for search:  RobSA3
Improvement fuction #:  0
Window width for improvement:  0
Heuristic for improvement:  RobSA3
Seed:  33
=======================================================

Unsorted matrix: 
0.918 0.907 0.895 0.882 0.868 0.853 0.836 0.819 0.802 0.784 0.766 0.747 0.728 0.709 0.691 0.669 0.647 0.625 0.603 0.582 0.562 0.54 0.519 0.499 0.48 0.461 0.441 0.423 0.405 0.386 0.367 0.348 0.33 0.312 0.295 0.28 0.265 0.251 0.238 0.226 0.215 0.204 0.195 0.186 0.177 0.169 0.161 0.154 0.148 0.142 0.136 0.131 0.125 0.121 0.116 0.112 0.108 0.104 0.101 0.097 0.094 0.091 0.088 0.086 0.083 0.081 0.079 0.077 0.075 0.073 0.07 0.065 0.061 0.057 0.052 0.048 0.045 0.041 0.038 0.035 0.032 0.029 0.026 0.024 0.022 0.02 0.018 0.016 0.014 0.012 0.011 0.009 0.008 0.006 0.005 0.004 0.003 0.002 0.001 0 
0.907 0.928 0.916 0.903 0.889 0.874 0.857 0.841 0.823 0.805 0.787 0.768 0.749 0.73 0.709 0.687 0.665 0.643 0.621 0.6 0.578 0.557 0.536 0.515 0.496 0.475 0.455 0.436 0.416 0.395 0.374 0.355 0.336 0.318 0.301 0.285 0.271 0.257 0.244 0.232 0.221 0.21 0.2 0.191 0.183 0.175 0.167 0.16 0.154 0.147 0.142 0.136 0.131 0.126 0.122 0.118 0.114 0.11 0.106 0.103 0.1 0.097 0.094 0.091 0.089 0.087 0.084 0.082 0.08 0.077 0.072 0.068 0.063 0.058 0.054 0.05 0.046 0.043 0.04 0.036 0.034 0.031 0.028 0.026 0.023 0.021 0.019 0.017 0.016 0.014 0.012 0.011 0.009 0.008 0.007 0.006 0.005 0.004 0.003 0.001 
0.895 0.916 0.938 0.925 0.911 0.896 0.879 0.863 0.845 0.827 0.809 0.79 0.771 0.75 0.728 0.706 0.684 0.662 0.641 0.618 0.596 0.574 0.553 0.533 0.511 0.489 0.469 0.447 0.425 0.403 0.382 0.362 0.342 0.324 0.307 0.291 0.277 0.263 0.25 0.238 0.227 0.216 0.207 0.197 0.189 0.181 0.173 0.166 0.16 0.154 0.148 0.142 0.137 0.133 0.128 0.124 0.12 0.116 0.112 0.109 0.106 0.103 0.1 0.097 0.095 0.092 0.09 0.088 0.084 0.079 0.075 0.069 0.065 0.06 0.056 0.052 0.048 0.045 0.041 0.038 0.035 0.033 0.03 0.028 0.025 0.023 0.021 0.019 0.017 0.016 0.014 0.013 0.011 0.01 0.009 0.008 0.006 0.005 0.004 0.003 
0.882 0.903 0.925 0.948 0.934 0.919 0.902 0.886 0.868 0.85 0.832 0.813 0.792 0.77 0.748 0.726 0.704 0.683 0.66 0.637 0.615 0.594 0.573 0.549 0.526 0.504 0.481 0.458 0.434 0.411 0.39 0.368 0.349 0.331 0.314 0.298 0.283 0.269 0.257 0.245 0.233 0.223 0.213 0.204 0.195 0.187 0.18 0.173 0.166 0.16 0.154 0.149 0.144 0.139 0.134 0.13 0.126 0.122 0.119 0.115 0.112 0.109 0.106 0.103 0.101 0.099 0.096 0.093 0.087 0.082 0.077 0.071 0.067 0.062 0.058 0.054 0.05 0.047 0.043 0.04 0.037 0.035 0.032 0.03 0.027 0.025 0.023 0.021 0.019 0.018 0.016 0.015 0.013 0.012 0.011 0.009 0.008 0.007 0.005 0.004 
0.868 0.889 0.911 0.934 0.958 0.942 0.926 0.909 0.892 0.874 0.855 0.835 0.814 0.792 0.77 0.748 0.726 0.704 0.681 0.658 0.636 0.614 0.59 0.565 0.542 0.518 0.492 0.467 0.443 0.419 0.397 0.375 0.356 0.338 0.321 0.305 0.29 0.276 0.264 0.252 0.24 0.23 0.22 0.211 0.202 0.194 0.187 0.18 0.173 0.167 0.161 0.156 0.151 0.146 0.141 0.137 0.133 0.129 0.125 0.122 0.119 0.116 0.113 0.11 0.108 0.105 0.101 0.095 0.09 0.084 0.079 0.073 0.069 0.064 0.06 0.056 0.052 0.049 0.045 0.042 0.039 0.037 0.034 0.032 0.029 0.027 0.025 0.023 0.021 0.02 0.018 0.017 0.015 0.014 0.013 0.012 0.01 0.008 0.007 0.005 
0.853 0.874 0.896 0.919 0.942 0.967 0.951 0.934 0.916 0.898 0.878 0.858 0.837 0.815 0.793 0.771 0.748 0.725 0.703 0.68 0.658 0.632 0.607 0.582 0.557 0.53 0.502 0.476 0.451 0.427 0.404 0.383 0.363 0.345 0.328 0.312 0.298 0.284 0.271 0.259 0.248 0.237 0.228 0.218 0.21 0.202 0.194 0.187 0.181 0.175 0.169 0.163 0.158 0.153 0.149 0.145 0.14 0.136 0.132 0.129 0.126 0.123 0.12 0.117 0.114 0.11 0.104 0.098 0.092 0.086 0.081 0.076 0.071 0.066 0.062 0.058 0.054 0.051 0.047 0.044 0.041 0.039 0.036 0.034 0.031 0.029 0.027 0.025 0.024 0.022 0.02 0.019 0.017 0.016 0.015 0.013 0.011 0.01 0.008 0.007 
0.836 0.857 0.879 0.902 0.926 0.951 0.975 0.958 0.941 0.922 0.902 0.882 0.861 0.839 0.817 0.795 0.772 0.749 0.726 0.703 0.677 0.65 0.624 0.598 0.569 0.54 0.512 0.485 0.459 0.435 0.412 0.391 0.371 0.353 0.336 0.32 0.306 0.292 0.279 0.267 0.256 0.245 0.236 0.226 0.218 0.21 0.202 0.195 0.189 0.183 0.177 0.171 0.166 0.161 0.157 0.152 0.148 0.144 0.14 0.136 0.133 0.13 0.127 0.124 0.12 0.113 0.107 0.1 0.094 0.088 0.083 0.078 0.073 0.068 0.064 0.06 0.057 0.053 0.05 0.047 0.044 0.041 0.038 0.036 0.034 0.031 0.029 0.028 0.026 0.024 0.023 0.021 0.02 0.018 0.017 0.015 0.013 0.011 0.01 0.008 
0.819 0.841 0.863 0.886 0.909 0.934 0.958 0.983 0.965 0.947 0.927 0.906 0.885 0.864 0.841 0.818 0.795 0.772 0.749 0.723 0.695 0.669 0.641 0.611 0.58 0.551 0.522 0.494 0.468 0.443 0.421 0.4 0.38 0.362 0.345 0.329 0.314 0.301 0.288 0.276 0.264 0.254 0.244 0.235 0.226 0.218 0.211 0.204 0.197 0.191 0.185 0.18 0.175 0.17 0.165 0.16 0.155 0.151 0.148 0.144 0.141 0.138 0.135 0.13 0.123 0.116 0.109 0.103 0.097 0.091 0.085 0.08 0.075 0.071 0.067 0.063 0.059 0.055 0.052 0.049 0.046 0.043 0.041 0.038 0.036 0.034 0.032 0.03 0.028 0.026 0.025 0.023 0.022 0.02 0.018 0.016 0.015 0.013 0.011 0.01 
0.802 0.823 0.845 0.868 0.892 0.916 0.941 0.965 0.99 0.971 0.951 0.931 0.91 0.888 0.865 0.842 0.819 0.796 0.769 0.742 0.714 0.686 0.655 0.623 0.592 0.561 0.531 0.503 0.477 0.453 0.43 0.409 0.389 0.371 0.354 0.338 0.324 0.31 0.297 0.285 0.274 0.263 0.253 0.244 0.236 0.228 0.22 0.213 0.207 0.2 0.194 0.189 0.184 0.178 0.173 0.168 0.164 0.16 0.156 0.152 0.149 0.146 0.141 0.133 0.126 0.119 0.112 0.105 0.099 0.093 0.088 0.083 0.078 0.073 0.069 0.065 0.061 0.058 0.054 0.051 0.048 0.046 0.043 0.041 0.038 0.036 0.034 0.032 0.031 0.029 0.027 0.026 0.024 0.022 0.02 0.018 0.016 0.015 0.013 0.011 
0.784 0.805 0.827 0.85 0.874 0.898 0.922 0.947 0.971 0.995 0.975 0.955 0.934 0.912 0.889 0.866 0.843 0.817 0.789 0.761 0.733 0.701 0.667 0.635 0.602 0.571 0.541 0.513 0.487 0.462 0.44 0.419 0.399 0.381 0.364 0.348 0.333 0.32 0.307 0.295 0.284 0.273 0.263 0.254 0.246 0.238 0.23 0.223 0.216 0.21 0.204 0.199 0.193 0.187 0.182 0.177 0.172 0.168 0.165 0.161 0.158 0.152 0.144 0.137 0.129 0.121 0.114 0.108 0.102 0.096 0.09 0.085 0.08 0.076 0.072 0.068 0.064 0.06 0.057 0.054 0.051 0.048 0.046 0.043 0.041 0.039 0.037 0.035 0.033 0.031 0.03 0.028 0.026 0.024 0.022 0.02 0.018 0.016 0.015 0.013 
0.766 0.787 0.809 0.832 0.855 0.878 0.902 0.927 0.951 0.975 0.999 0.978 0.957 0.935 0.912 0.889 0.863 0.836 0.808 0.78 0.748 0.714 0.68 0.646 0.613 0.581 0.552 0.524 0.498 0.473 0.451 0.429 0.41 0.392 0.375 0.359 0.344 0.33 0.318 0.306 0.294 0.284 0.274 0.265 0.256 0.248 0.241 0.234 0.227 0.221 0.215 0.208 0.202 0.196 0.191 0.186 0.181 0.177 0.174 0.17 0.164 0.156 0.148 0.139 0.131 0.124 0.117 0.11 0.104 0.098 0.093 0.088 0.083 0.079 0.074 0.07 0.067 0.063 0.06 0.057 0.054 0.051 0.048 0.046 0.044 0.042 0.04 0.038 0.036 0.034 0.032 0.03 0.028 0.026 0.024 0.022 0.02 0.018 0.017 0.015 
0.747 0.768 0.79 0.813 0.835 0.858 0.882 0.906 0.931 0.955 0.978 1 0.979 0.957 0.934 0.909 0.883 0.855 0.827 0.795 0.761 0.727 0.692 0.658 0.625 0.593 0.563 0.535 0.509 0.485 0.462 0.441 0.421 0.403 0.386 0.37 0.356 0.342 0.329 0.317 0.306 0.295 0.286 0.276 0.268 0.26 0.252 0.245 0.239 0.232 0.225 0.218 0.211 0.206 0.2 0.195 0.191 0.187 0.183 0.177 0.168 0.159 0.15 0.142 0.134 0.127 0.12 0.113 0.107 0.101 0.096 0.091 0.086 0.081 0.077 0.073 0.069 0.066 0.063 0.059 0.057 0.054 0.051 0.049 0.047 0.044 0.042 0.04 0.039 0.036 0.034 0.032 0.03 0.028 0.026 0.024 0.022 0.02 0.018 0.015 
0.728 0.749 0.771 0.792 0.814 0.837 0.861 0.885 0.91 0.934 0.957 0.979 0.999 0.977 0.953 0.928 0.902 0.874 0.843 0.809 0.775 0.74 0.705 0.67 0.637 0.605 0.576 0.548 0.522 0.497 0.475 0.453 0.434 0.416 0.399 0.383 0.368 0.354 0.342 0.33 0.318 0.308 0.298 0.289 0.28 0.272 0.265 0.258 0.251 0.243 0.235 0.228 0.221 0.215 0.21 0.205 0.201 0.197 0.19 0.181 0.172 0.162 0.153 0.145 0.137 0.13 0.123 0.116 0.11 0.104 0.099 0.094 0.089 0.084 0.08 0.076 0.072 0.069 0.065 0.062 0.059 0.057 0.054 0.052 0.049 0.047 0.045 0.043 0.041 0.038 0.036 0.034 0.032 0.03 0.028 0.026 0.024 0.022 0.019 0.016 
0.709 0.73 0.75 0.77 0.792 0.815 0.839 0.864 0.888 0.912 0.935 0.957 0.977 0.995 0.971 0.946 0.919 0.89 0.858 0.824 0.789 0.753 0.718 0.684 0.65 0.619 0.589 0.561 0.535 0.511 0.488 0.467 0.447 0.429 0.412 0.396 0.382 0.368 0.355 0.343 0.332 0.321 0.311 0.302 0.294 0.286 0.278 0.271 0.262 0.253 0.245 0.238 0.232 0.226 0.22 0.216 0.211 0.204 0.194 0.184 0.175 0.165 0.156 0.148 0.14 0.133 0.126 0.119 0.113 0.107 0.102 0.097 0.092 0.087 0.083 0.079 0.075 0.072 0.068 0.065 0.062 0.06 0.057 0.055 0.052 0.05 0.048 0.046 0.043 0.041 0.038 0.036 0.034 0.032 0.03 0.028 0.026 0.023 0.019 0.016 
0.691 0.709 0.728 0.748 0.77 0.793 0.817 0.841 0.865 0.889 0.912 0.934 0.953 0.971 0.989 0.963 0.936 0.905 0.873 0.839 0.803 0.768 0.732 0.698 0.665 0.633 0.604 0.576 0.549 0.525 0.502 0.481 0.462 0.444 0.427 0.411 0.396 0.382 0.369 0.357 0.346 0.336 0.326 0.317 0.308 0.3 0.292 0.283 0.273 0.264 0.256 0.249 0.242 0.236 0.231 0.226 0.219 0.208 0.198 0.188 0.178 0.168 0.16 0.151 0.143 0.136 0.129 0.122 0.116 0.11 0.105 0.1 0.095 0.09 0.086 0.082 0.078 0.075 0.072 0.069 0.066 0.063 0.06 0.058 0.056 0.053 0.051 0.048 0.045 0.043 0.041 0.038 0.036 0.034 0.032 0.03 0.027 0.023 0.02 0.017 
0.669 0.687 0.706 0.726 0.748 0.771 0.795 0.818 0.842 0.866 0.889 0.909 0.928 0.946 0.963 0.98 0.952 0.921 0.889 0.854 0.819 0.783 0.748 0.714 0.68 0.649 0.619 0.591 0.565 0.541 0.518 0.497 0.477 0.459 0.442 0.426 0.412 0.398 0.385 0.373 0.362 0.351 0.341 0.332 0.324 0.315 0.305 0.294 0.284 0.275 0.267 0.26 0.253 0.247 0.242 0.234 0.223 0.212 0.201 0.191 0.181 0.172 0.163 0.154 0.147 0.139 0.132 0.126 0.119 0.114 0.108 0.103 0.098 0.094 0.089 0.085 0.082 0.078 0.075 0.072 0.069 0.066 0.064 0.061 0.059 0.056 0.053 0.05 0.048 0.045 0.043 0.041 0.039 0.037 0.034 0.031 0.027 0.024 0.02 0.017 
0.647 0.665 0.684 0.704 0.726 0.748 0.772 0.795 0.819 0.843 0.863 0.883 0.902 0.919 0.936 0.952 0.969 0.938 0.905 0.871 0.836 0.8 0.765 0.73 0.697 0.666 0.636 0.608 0.582 0.557 0.535 0.514 0.494 0.476 0.459 0.443 0.428 0.415 0.402 0.39 0.378 0.368 0.358 0.349 0.34 0.328 0.316 0.305 0.295 0.286 0.278 0.271 0.264 0.258 0.25 0.238 0.227 0.215 0.205 0.194 0.184 0.175 0.166 0.158 0.15 0.143 0.136 0.129 0.123 0.117 0.112 0.106 0.102 0.097 0.093 0.089 0.085 0.082 0.078 0.075 0.072 0.069 0.067 0.064 0.062 0.059 0.056 0.053 0.05 0.048 0.045 0.043 0.041 0.039 0.035 0.031 0.028 0.024 0.021 0.018 
0.625 0.643 0.662 0.683 0.704 0.725 0.749 0.772 0.796 0.817 0.836 0.855 0.874 0.89 0.905 0.921 0.938 0.956 0.923 0.889 0.853 0.818 0.782 0.748 0.715 0.683 0.654 0.626 0.599 0.575 0.552 0.531 0.512 0.494 0.477 0.461 0.446 0.432 0.419 0.407 0.396 0.386 0.376 0.367 0.353 0.34 0.328 0.316 0.306 0.298 0.29 0.282 0.276 0.267 0.255 0.242 0.23 0.219 0.208 0.198 0.188 0.178 0.17 0.161 0.153 0.146 0.139 0.132 0.126 0.12 0.115 0.11 0.105 0.101 0.096 0.092 0.089 0.085 0.082 0.079 0.076 0.073 0.07 0.067 0.064 0.061 0.058 0.056 0.053 0.05 0.048 0.046 0.043 0.039 0.036 0.032 0.028 0.025 0.022 0.018 
0.603 0.621 0.641 0.66 0.681 0.703 0.726 0.749 0.769 0.789 0.808 0.827 0.843 0.858 0.873 0.889 0.905 0.923 0.942 0.908 0.872 0.837 0.801 0.767 0.734 0.702 0.672 0.644 0.618 0.594 0.571 0.55 0.531 0.512 0.495 0.48 0.465 0.451 0.438 0.426 0.415 0.404 0.395 0.38 0.365 0.352 0.339 0.328 0.318 0.309 0.301 0.294 0.285 0.271 0.259 0.246 0.234 0.223 0.212 0.201 0.191 0.182 0.173 0.165 0.157 0.15 0.143 0.136 0.13 0.124 0.119 0.113 0.109 0.104 0.1 0.096 0.092 0.089 0.085 0.082 0.079 0.077 0.073 0.07 0.067 0.064 0.061 0.058 0.056 0.053 0.051 0.048 0.044 0.04 0.036 0.032 0.029 0.025 0.022 0.019 
0.582 0.6 0.618 0.637 0.658 0.68 0.703 0.723 0.742 0.761 0.78 0.795 0.809 0.824 0.839 0.854 0.871 0.889 0.908 0.927 0.892 0.856 0.821 0.787 0.754 0.722 0.692 0.664 0.638 0.614 0.591 0.57 0.55 0.532 0.515 0.5 0.485 0.471 0.458 0.446 0.435 0.424 0.409 0.392 0.377 0.363 0.351 0.34 0.33 0.321 0.313 0.303 0.289 0.276 0.262 0.25 0.238 0.226 0.215 0.205 0.195 0.186 0.177 0.169 0.161 0.153 0.146 0.14 0.134 0.128 0.122 0.117 0.112 0.108 0.104 0.1 0.096 0.092 0.089 0.086 0.083 0.08 0.076 0.073 0.07 0.067 0.064 0.061 0.058 0.056 0.053 0.049 0.045 0.041 0.037 0.033 0.03 0.026 0.023 0.02 
0.562 0.578 0.596 0.615 0.636 0.658 0.677 0.695 0.714 0.733 0.748 0.761 0.775 0.789 0.803 0.819 0.836 0.853 0.872 0.892 0.913 0.877 0.842 0.807 0.774 0.743 0.713 0.685 0.659 0.634 0.612 0.591 0.571 0.553 0.536 0.52 0.505 0.492 0.479 0.467 0.455 0.439 0.421 0.404 0.389 0.375 0.363 0.352 0.342 0.333 0.322 0.308 0.293 0.279 0.266 0.254 0.241 0.23 0.219 0.209 0.199 0.19 0.181 0.172 0.165 0.157 0.15 0.144 0.137 0.132 0.126 0.121 0.116 0.112 0.107 0.103 0.1 0.096 0.093 0.09 0.086 0.083 0.079 0.076 0.073 0.07 0.067 0.064 0.061 0.059 0.054 0.05 0.046 0.042 0.038 0.034 0.03 0.027 0.024 0.021 
0.54 0.557 0.574 0.594 0.614 0.632 0.65 0.669 0.686 0.701 0.714 0.727 0.74 0.753 0.768 0.783 0.8 0.818 0.837 0.856 0.877 0.898 0.863 0.829 0.796 0.764 0.734 0.706 0.68 0.656 0.633 0.612 0.592 0.574 0.557 0.541 0.527 0.513 0.5 0.488 0.47 0.451 0.433 0.416 0.401 0.388 0.375 0.364 0.354 0.342 0.327 0.312 0.297 0.283 0.27 0.257 0.245 0.234 0.223 0.213 0.203 0.193 0.185 0.176 0.168 0.161 0.154 0.147 0.141 0.135 0.13 0.125 0.12 0.116 0.111 0.107 0.104 0.1 0.097 0.093 0.089 0.086 0.082 0.079 0.076 0.073 0.07 0.067 0.064 0.059 0.055 0.051 0.046 0.042 0.039 0.035 0.031 0.028 0.025 0.021 
0.519 0.536 0.553 0.573 0.59 0.607 0.624 0.641 0.655 0.667 0.68 0.692 0.705 0.718 0.732 0.748 0.765 0.782 0.801 0.821 0.842 0.863 0.885 0.85 0.817 0.786 0.756 0.728 0.702 0.677 0.655 0.634 0.614 0.596 0.579 0.563 0.548 0.534 0.522 0.502 0.482 0.463 0.445 0.428 0.413 0.4 0.387 0.376 0.363 0.347 0.331 0.316 0.301 0.287 0.274 0.261 0.249 0.238 0.227 0.217 0.207 0.198 0.189 0.18 0.172 0.165 0.158 0.151 0.145 0.139 0.134 0.129 0.124 0.12 0.115 0.111 0.108 0.104 0.1 0.096 0.092 0.089 0.085 0.082 0.079 0.076 0.073 0.07 0.065 0.06 0.056 0.052 0.047 0.043 0.039 0.036 0.032 0.029 0.025 0.022 
0.499 0.515 0.533 0.549 0.565 0.582 0.598 0.611 0.623 0.635 0.646 0.658 0.67 0.684 0.698 0.714 0.73 0.748 0.767 0.787 0.807 0.829 0.85 0.872 0.839 0.807 0.777 0.749 0.723 0.699 0.676 0.655 0.636 0.617 0.6 0.585 0.57 0.556 0.536 0.514 0.494 0.475 0.457 0.44 0.425 0.411 0.399 0.385 0.368 0.351 0.335 0.32 0.305 0.292 0.278 0.266 0.254 0.242 0.231 0.221 0.211 0.202 0.193 0.184 0.177 0.169 0.162 0.156 0.149 0.144 0.138 0.133 0.128 0.124 0.119 0.115 0.112 0.107 0.103 0.099 0.095 0.092 0.088 0.085 0.082 0.079 0.076 0.071 0.066 0.061 0.057 0.052 0.048 0.044 0.04 0.037 0.033 0.03 0.026 0.023 
0.48 0.496 0.511 0.526 0.542 0.557 0.569 0.58 0.592 0.602 0.613 0.625 0.637 0.65 0.665 0.68 0.697 0.715 0.734 0.754 0.774 0.796 0.817 0.839 0.86 0.828 0.799 0.771 0.745 0.72 0.698 0.677 0.657 0.639 0.622 0.606 0.591 0.57 0.548 0.526 0.506 0.486 0.468 0.452 0.437 0.423 0.408 0.39 0.373 0.356 0.34 0.324 0.31 0.296 0.282 0.27 0.258 0.246 0.235 0.225 0.215 0.206 0.197 0.189 0.181 0.173 0.166 0.16 0.154 0.148 0.142 0.137 0.132 0.128 0.124 0.12 0.115 0.111 0.107 0.103 0.099 0.095 0.092 0.088 0.085 0.082 0.077 0.072 0.067 0.062 0.058 0.053 0.049 0.045 0.041 0.038 0.034 0.031 0.027 0.024 
0.461 0.475 0.489 0.504 0.518 0.53 0.54 0.551 0.561 0.571 0.581 0.593 0.605 0.619 0.633 0.649 0.666 0.683 0.702 0.722 0.743 0.764 0.786 0.807 0.828 0.849 0.819 0.791 0.765 0.741 0.718 0.697 0.677 0.659 0.642 0.626 0.605 0.582 0.559 0.538 0.517 0.498 0.48 0.463 0.448 0.432 0.413 0.395 0.377 0.36 0.344 0.329 0.314 0.3 0.287 0.274 0.262 0.251 0.24 0.229 0.219 0.21 0.201 0.193 0.185 0.178 0.171 0.164 0.158 0.152 0.147 0.141 0.137 0.132 0.128 0.123 0.119 0.114 0.11 0.106 0.102 0.099 0.095 0.092 0.088 0.083 0.078 0.073 0.068 0.063 0.059 0.055 0.05 0.046 0.042 0.039 0.035 0.032 0.028 0.025 
0.441 0.455 0.469 0.481 0.492 0.502 0.512 0.522 0.531 0.541 0.552 0.563 0.576 0.589 0.604 0.619 0.636 0.654 0.672 0.692 0.713 0.734 0.756 0.777 0.799 0.819 0.838 0.81 0.784 0.76 0.737 0.716 0.696 0.678 0.661 0.64 0.616 0.593 0.571 0.549 0.528 0.509 0.491 0.474 0.457 0.437 0.418 0.399 0.381 0.364 0.348 0.333 0.318 0.304 0.291 0.278 0.266 0.255 0.244 0.234 0.224 0.214 0.206 0.197 0.189 0.182 0.175 0.168 0.162 0.156 0.151 0.146 0.141 0.137 0.132 0.127 0.122 0.118 0.114 0.11 0.106 0.102 0.099 0.095 0.09 0.084 0.079 0.074 0.069 0.065 0.06 0.056 0.052 0.048 0.044 0.04 0.036 0.033 0.03 0.026 
0.423 0.436 0.447 0.458 0.467 0.476 0.485 0.494 0.503 0.513 0.524 0.535 0.548 0.561 0.576 0.591 0.608 0.626 0.644 0.664 0.685 0.706 0.728 0.749 0.771 0.791 0.81 0.828 0.802 0.777 0.755 0.734 0.714 0.696 0.674 0.65 0.627 0.604 0.581 0.56 0.539 0.52 0.501 0.483 0.462 0.442 0.422 0.403 0.386 0.369 0.353 0.337 0.323 0.309 0.296 0.283 0.271 0.259 0.248 0.238 0.228 0.219 0.21 0.202 0.194 0.186 0.179 0.173 0.167 0.161 0.155 0.15 0.145 0.14 0.135 0.13 0.126 0.121 0.117 0.113 0.109 0.106 0.102 0.096 0.091 0.085 0.08 0.075 0.071 0.066 0.061 0.057 0.053 0.049 0.045 0.041 0.037 0.034 0.031 0.028 
0.405 0.416 0.425 0.434 0.443 0.451 0.459 0.468 0.477 0.487 0.498 0.509 0.522 0.535 0.549 0.565 0.582 0.599 0.618 0.638 0.659 0.68 0.702 0.723 0.745 0.765 0.784 0.802 0.817 0.793 0.77 0.749 0.729 0.707 0.684 0.661 0.637 0.614 0.592 0.57 0.549 0.53 0.51 0.488 0.467 0.446 0.427 0.408 0.39 0.373 0.357 0.342 0.327 0.313 0.3 0.287 0.275 0.264 0.253 0.243 0.233 0.223 0.215 0.206 0.198 0.191 0.184 0.177 0.171 0.165 0.16 0.155 0.149 0.144 0.139 0.134 0.129 0.125 0.121 0.117 0.113 0.109 0.103 0.098 0.092 0.087 0.082 0.077 0.072 0.067 0.063 0.058 0.054 0.05 0.046 0.042 0.039 0.035 0.032 0.029 
0.386 0.395 0.403 0.411 0.419 0.427 0.435 0.443 0.453 0.462 0.473 0.485 0.497 0.511 0.525 0.541 0.557 0.575 0.594 0.614 0.634 0.656 0.677 0.699 0.72 0.741 0.76 0.777 0.793 0.806 0.783 0.762 0.74 0.717 0.694 0.67 0.647 0.624 0.601 0.579 0.559 0.538 0.515 0.493 0.471 0.451 0.431 0.413 0.395 0.378 0.362 0.346 0.332 0.318 0.305 0.292 0.28 0.268 0.258 0.247 0.237 0.228 0.219 0.211 0.203 0.196 0.189 0.182 0.176 0.17 0.165 0.159 0.153 0.148 0.143 0.138 0.133 0.129 0.125 0.121 0.116 0.11 0.105 0.099 0.094 0.088 0.083 0.078 0.073 0.069 0.064 0.06 0.055 0.051 0.047 0.044 0.04 0.037 0.033 0.03 
0.367 0.374 0.382 0.39 0.397 0.404 0.412 0.421 0.43 0.44 0.451 0.462 0.475 0.488 0.502 0.518 0.535 0.552 0.571 0.591 0.612 0.633 0.655 0.676 0.698 0.718 0.737 0.755 0.77 0.783 0.793 0.771 0.749 0.726 0.703 0.679 0.656 0.633 0.61 0.588 0.566 0.543 0.52 0.497 0.476 0.455 0.436 0.417 0.399 0.383 0.366 0.351 0.336 0.323 0.309 0.297 0.285 0.273 0.262 0.252 0.242 0.233 0.224 0.216 0.208 0.2 0.193 0.187 0.18 0.175 0.169 0.163 0.157 0.152 0.146 0.142 0.137 0.133 0.128 0.124 0.118 0.112 0.106 0.101 0.095 0.09 0.085 0.08 0.075 0.07 0.066 0.061 0.057 0.053 0.049 0.045 0.042 0.038 0.035 0.032 
0.348 0.355 0.362 0.368 0.375 0.383 0.391 0.4 0.409 0.419 0.429 0.441 0.453 0.467 0.481 0.497 0.514 0.531 0.55 0.57 0.591 0.612 0.634 0.655 0.677 0.697 0.716 0.734 0.749 0.762 0.771 0.78 0.757 0.735 0.711 0.688 0.664 0.641 0.618 0.596 0.571 0.548 0.524 0.502 0.481 0.46 0.441 0.422 0.404 0.387 0.371 0.356 0.341 0.327 0.314 0.301 0.289 0.278 0.267 0.257 0.247 0.237 0.229 0.22 0.212 0.205 0.198 0.191 0.185 0.179 0.172 0.167 0.161 0.155 0.15 0.145 0.141 0.136 0.132 0.126 0.12 0.114 0.108 0.102 0.097 0.091 0.086 0.081 0.076 0.072 0.067 0.063 0.058 0.054 0.05 0.047 0.043 0.04 0.036 0.033 
0.33 0.336 0.342 0.349 0.356 0.363 0.371 0.38 0.389 0.399 0.41 0.421 0.434 0.447 0.462 0.477 0.494 0.512 0.531 0.55 0.571 0.592 0.614 0.636 0.657 0.677 0.696 0.714 0.729 0.74 0.749 0.757 0.765 0.742 0.719 0.695 0.672 0.649 0.625 0.601 0.576 0.552 0.529 0.507 0.485 0.465 0.445 0.427 0.409 0.392 0.376 0.361 0.346 0.332 0.319 0.306 0.294 0.283 0.272 0.261 0.251 0.242 0.233 0.225 0.217 0.21 0.203 0.196 0.189 0.183 0.176 0.17 0.165 0.159 0.154 0.149 0.145 0.14 0.134 0.127 0.121 0.115 0.109 0.104 0.098 0.093 0.088 0.083 0.078 0.073 0.069 0.064 0.06 0.056 0.052 0.048 0.045 0.041 0.038 0.035 
0.312 0.318 0.324 0.331 0.338 0.345 0.353 0.362 0.371 0.381 0.392 0.403 0.416 0.429 0.444 0.459 0.476 0.494 0.512 0.532 0.553 0.574 0.596 0.617 0.639 0.659 0.678 0.696 0.707 0.717 0.726 0.735 0.742 0.749 0.726 0.702 0.679 0.655 0.63 0.606 0.581 0.557 0.534 0.512 0.49 0.47 0.45 0.431 0.414 0.397 0.381 0.365 0.351 0.337 0.324 0.311 0.299 0.287 0.276 0.266 0.256 0.247 0.238 0.23 0.222 0.214 0.207 0.2 0.193 0.187 0.18 0.175 0.169 0.163 0.158 0.153 0.149 0.142 0.135 0.129 0.123 0.117 0.111 0.106 0.1 0.095 0.09 0.085 0.08 0.075 0.07 0.066 0.062 0.058 0.054 0.05 0.047 0.043 0.04 0.037 
0.295 0.301 0.307 0.314 0.321 0.328 0.336 0.345 0.354 0.364 0.375 0.386 0.399 0.412 0.427 0.442 0.459 0.477 0.495 0.515 0.536 0.557 0.579 0.6 0.622 0.642 0.661 0.674 0.684 0.694 0.703 0.711 0.719 0.726 0.732 0.708 0.684 0.66 0.635 0.61 0.586 0.562 0.539 0.517 0.495 0.475 0.455 0.436 0.419 0.402 0.386 0.37 0.356 0.342 0.328 0.316 0.304 0.292 0.281 0.271 0.261 0.252 0.243 0.235 0.227 0.219 0.212 0.204 0.197 0.191 0.185 0.179 0.173 0.168 0.162 0.157 0.15 0.144 0.137 0.131 0.125 0.119 0.113 0.107 0.102 0.097 0.091 0.086 0.081 0.077 0.072 0.068 0.064 0.06 0.056 0.052 0.048 0.045 0.042 0.038 
0.28 0.285 0.291 0.298 0.305 0.312 0.32 0.329 0.338 0.348 0.359 0.37 0.383 0.396 0.411 0.426 0.443 0.461 0.48 0.5 0.52 0.541 0.563 0.585 0.606 0.626 0.64 0.65 0.661 0.67 0.679 0.688 0.695 0.702 0.708 0.713 0.689 0.665 0.64 0.615 0.591 0.567 0.544 0.521 0.5 0.479 0.46 0.441 0.423 0.407 0.39 0.375 0.36 0.347 0.333 0.321 0.309 0.297 0.286 0.276 0.266 0.257 0.248 0.24 0.232 0.224 0.216 0.209 0.202 0.195 0.189 0.183 0.177 0.172 0.166 0.159 0.152 0.146 0.139 0.133 0.127 0.121 0.115 0.109 0.104 0.098 0.093 0.088 0.083 0.079 0.074 0.07 0.066 0.062 0.058 0.054 0.05 0.047 0.044 0.04 
0.265 0.271 0.277 0.283 0.29 0.298 0.306 0.314 0.324 0.333 0.344 0.356 0.368 0.382 0.396 0.412 0.428 0.446 0.465 0.485 0.505 0.527 0.548 0.57 0.591 0.605 0.616 0.627 0.637 0.647 0.656 0.664 0.672 0.679 0.684 0.689 0.694 0.67 0.645 0.62 0.596 0.572 0.549 0.526 0.505 0.484 0.465 0.446 0.428 0.411 0.395 0.38 0.365 0.351 0.338 0.326 0.313 0.302 0.291 0.281 0.271 0.262 0.253 0.244 0.236 0.228 0.22 0.213 0.206 0.199 0.193 0.187 0.181 0.176 0.168 0.161 0.155 0.148 0.141 0.135 0.129 0.123 0.117 0.111 0.106 0.101 0.095 0.09 0.085 0.081 0.076 0.072 0.068 0.064 0.06 0.056 0.052 0.049 0.046 0.042 
0.251 0.257 0.263 0.269 0.276 0.284 0.292 0.301 0.31 0.32 0.33 0.342 0.354 0.368 0.382 0.398 0.415 0.432 0.451 0.471 0.492 0.513 0.534 0.556 0.57 0.582 0.593 0.604 0.614 0.624 0.633 0.641 0.649 0.655 0.66 0.665 0.67 0.675 0.65 0.625 0.601 0.577 0.554 0.531 0.51 0.489 0.47 0.451 0.433 0.416 0.4 0.385 0.37 0.356 0.343 0.33 0.318 0.307 0.296 0.286 0.276 0.267 0.258 0.249 0.24 0.232 0.224 0.217 0.21 0.204 0.197 0.191 0.185 0.178 0.171 0.164 0.157 0.15 0.144 0.137 0.131 0.125 0.119 0.114 0.108 0.103 0.097 0.092 0.088 0.083 0.078 0.074 0.07 0.066 0.062 0.058 0.054 0.051 0.048 0.045 
0.238 0.244 0.25 0.257 0.264 0.271 0.279 0.288 0.297 0.307 0.318 0.329 0.342 0.355 0.369 0.385 0.402 0.419 0.438 0.458 0.479 0.5 0.522 0.536 0.548 0.559 0.571 0.581 0.592 0.601 0.61 0.618 0.625 0.63 0.635 0.64 0.645 0.65 0.655 0.63 0.606 0.582 0.559 0.536 0.515 0.494 0.475 0.456 0.438 0.421 0.405 0.39 0.375 0.361 0.348 0.335 0.323 0.312 0.301 0.291 0.281 0.271 0.262 0.253 0.245 0.236 0.229 0.221 0.214 0.208 0.202 0.195 0.188 0.18 0.173 0.166 0.159 0.152 0.146 0.14 0.133 0.127 0.121 0.116 0.11 0.105 0.1 0.095 0.09 0.085 0.081 0.076 0.072 0.068 0.064 0.06 0.057 0.053 0.05 0.047 
0.226 0.232 0.238 0.245 0.252 0.259 0.267 0.276 0.285 0.295 0.306 0.317 0.33 0.343 0.357 0.373 0.39 0.407 0.426 0.446 0.467 0.488 0.502 0.514 0.526 0.538 0.549 0.56 0.57 0.579 0.588 0.596 0.601 0.606 0.61 0.615 0.62 0.625 0.63 0.635 0.611 0.587 0.564 0.541 0.52 0.499 0.48 0.461 0.443 0.426 0.41 0.395 0.38 0.366 0.353 0.34 0.328 0.317 0.306 0.296 0.286 0.276 0.267 0.258 0.249 0.241 0.233 0.226 0.219 0.212 0.206 0.198 0.19 0.183 0.175 0.168 0.161 0.155 0.148 0.142 0.136 0.13 0.124 0.118 0.113 0.107 0.102 0.097 0.092 0.088 0.083 0.079 0.074 0.07 0.066 0.063 0.059 0.056 0.052 0.049 
0.215 0.221 0.227 0.233 0.24 0.248 0.256 0.264 0.274 0.284 0.294 0.306 0.318 0.332 0.346 0.362 0.378 0.396 0.415 0.435 0.455 0.47 0.482 0.494 0.506 0.517 0.528 0.539 0.549 0.559 0.566 0.571 0.576 0.581 0.586 0.591 0.596 0.601 0.606 0.611 0.616 0.592 0.569 0.546 0.525 0.504 0.485 0.466 0.448 0.431 0.415 0.4 0.385 0.371 0.358 0.346 0.333 0.322 0.311 0.301 0.29 0.28 0.271 0.262 0.253 0.245 0.238 0.23 0.223 0.216 0.208 0.2 0.193 0.185 0.178 0.171 0.164 0.157 0.151 0.144 0.138 0.132 0.126 0.121 0.115 0.11 0.105 0.1 0.095 0.09 0.085 0.081 0.077 0.073 0.069 0.065 0.061 0.058 0.055 0.051 
0.204 0.21 0.216 0.223 0.23 0.237 0.245 0.254 0.263 0.273 0.284 0.295 0.308 0.321 0.336 0.351 0.368 0.386 0.404 0.424 0.439 0.451 0.463 0.475 0.486 0.498 0.509 0.52 0.53 0.538 0.543 0.548 0.552 0.557 0.562 0.567 0.572 0.577 0.582 0.587 0.592 0.597 0.574 0.551 0.53 0.509 0.49 0.471 0.453 0.437 0.42 0.405 0.39 0.377 0.363 0.351 0.339 0.327 0.316 0.305 0.295 0.285 0.275 0.266 0.258 0.25 0.242 0.235 0.228 0.219 0.211 0.203 0.195 0.188 0.181 0.174 0.167 0.16 0.154 0.147 0.141 0.135 0.129 0.123 0.118 0.113 0.107 0.102 0.097 0.093 0.088 0.084 0.079 0.075 0.071 0.068 0.064 0.061 0.057 0.054 
0.195 0.2 0.207 0.213 0.22 0.228 0.236 0.244 0.253 0.263 0.274 0.286 0.298 0.311 0.326 0.341 0.358 0.376 0.395 0.409 0.421 0.433 0.445 0.457 0.468 0.48 0.491 0.501 0.51 0.515 0.52 0.524 0.529 0.534 0.539 0.544 0.549 0.554 0.559 0.564 0.569 0.574 0.579 0.557 0.535 0.515 0.495 0.476 0.459 0.442 0.426 0.41 0.396 0.382 0.368 0.356 0.344 0.332 0.321 0.31 0.299 0.29 0.28 0.271 0.262 0.254 0.247 0.239 0.23 0.222 0.214 0.206 0.198 0.191 0.184 0.177 0.17 0.163 0.156 0.15 0.144 0.138 0.132 0.126 0.121 0.115 0.11 0.105 0.1 0.095 0.091 0.086 0.082 0.078 0.074 0.07 0.067 0.063 0.06 0.057 
0.186 0.191 0.197 0.204 0.211 0.218 0.226 0.235 0.244 0.254 0.265 0.276 0.289 0.302 0.317 0.332 0.349 0.367 0.38 0.392 0.404 0.416 0.428 0.44 0.452 0.463 0.474 0.483 0.488 0.493 0.497 0.502 0.507 0.512 0.517 0.521 0.526 0.531 0.536 0.541 0.546 0.551 0.557 0.562 0.54 0.52 0.5 0.482 0.464 0.447 0.431 0.416 0.401 0.387 0.374 0.361 0.349 0.337 0.326 0.315 0.304 0.294 0.285 0.276 0.267 0.259 0.251 0.242 0.234 0.225 0.217 0.209 0.202 0.194 0.187 0.18 0.173 0.166 0.16 0.153 0.147 0.141 0.135 0.129 0.124 0.119 0.113 0.108 0.103 0.098 0.094 0.089 0.085 0.081 0.077 0.073 0.069 0.066 0.063 0.059 
0.177 0.183 0.189 0.195 0.202 0.21 0.218 0.226 0.236 0.246 0.256 0.268 0.28 0.294 0.308 0.324 0.34 0.353 0.365 0.377 0.389 0.401 0.413 0.425 0.437 0.448 0.457 0.462 0.467 0.471 0.476 0.481 0.485 0.49 0.495 0.5 0.505 0.51 0.515 0.52 0.525 0.53 0.535 0.54 0.546 0.525 0.506 0.487 0.469 0.452 0.436 0.421 0.406 0.392 0.379 0.366 0.354 0.342 0.331 0.32 0.309 0.299 0.29 0.281 0.272 0.264 0.255 0.246 0.237 0.229 0.221 0.213 0.205 0.198 0.19 0.183 0.176 0.17 0.163 0.157 0.15 0.144 0.139 0.133 0.127 0.122 0.116 0.111 0.106 0.101 0.097 0.092 0.088 0.084 0.08 0.076 0.072 0.069 0.065 0.062 
0.169 0.175 0.181 0.187 0.194 0.202 0.21 0.218 0.228 0.238 0.248 0.26 0.272 0.286 0.3 0.315 0.328 0.34 0.352 0.363 0.375 0.388 0.4 0.411 0.423 0.432 0.437 0.442 0.446 0.451 0.455 0.46 0.465 0.47 0.475 0.479 0.484 0.489 0.494 0.499 0.504 0.509 0.515 0.52 0.525 0.531 0.511 0.493 0.475 0.458 0.442 0.426 0.412 0.398 0.385 0.372 0.359 0.347 0.336 0.325 0.314 0.304 0.295 0.286 0.277 0.268 0.259 0.25 0.241 0.233 0.224 0.217 0.209 0.201 0.194 0.187 0.18 0.173 0.167 0.16 0.154 0.148 0.142 0.137 0.131 0.125 0.12 0.114 0.109 0.105 0.1 0.096 0.091 0.087 0.083 0.079 0.075 0.072 0.068 0.065 
0.161 0.167 0.173 0.18 0.187 0.194 0.202 0.211 0.22 0.23 0.241 0.252 0.265 0.278 0.292 0.305 0.316 0.328 0.339 0.351 0.363 0.375 0.387 0.399 0.408 0.413 0.418 0.422 0.427 0.431 0.436 0.441 0.445 0.45 0.455 0.46 0.465 0.47 0.475 0.48 0.485 0.49 0.495 0.5 0.506 0.511 0.517 0.498 0.481 0.464 0.448 0.432 0.418 0.404 0.39 0.377 0.365 0.353 0.341 0.33 0.32 0.31 0.3 0.291 0.282 0.272 0.263 0.254 0.245 0.237 0.229 0.221 0.213 0.206 0.198 0.191 0.184 0.178 0.171 0.165 0.158 0.152 0.147 0.141 0.134 0.128 0.123 0.118 0.113 0.108 0.103 0.099 0.094 0.09 0.086 0.082 0.078 0.075 0.071 0.068 
0.154 0.16 0.166 0.173 0.18 0.187 0.195 0.204 0.213 0.223 0.234 0.245 0.258 0.271 0.283 0.294 0.305 0.316 0.328 0.34 0.352 0.364 0.376 0.385 0.39 0.395 0.399 0.403 0.408 0.413 0.417 0.422 0.427 0.431 0.436 0.441 0.446 0.451 0.456 0.461 0.466 0.471 0.476 0.482 0.487 0.493 0.498 0.505 0.487 0.47 0.454 0.439 0.424 0.41 0.396 0.383 0.371 0.359 0.347 0.336 0.326 0.316 0.306 0.296 0.286 0.277 0.268 0.259 0.25 0.242 0.234 0.226 0.218 0.21 0.203 0.196 0.189 0.182 0.176 0.169 0.163 0.157 0.151 0.144 0.138 0.132 0.127 0.121 0.116 0.112 0.107 0.102 0.097 0.093 0.089 0.085 0.081 0.078 0.074 0.071 
0.148 0.154 0.16 0.166 0.173 0.181 0.189 0.197 0.207 0.216 0.227 0.239 0.251 0.262 0.273 0.284 0.295 0.306 0.318 0.33 0.342 0.354 0.363 0.368 0.373 0.377 0.381 0.386 0.39 0.395 0.399 0.404 0.409 0.414 0.419 0.423 0.428 0.433 0.438 0.443 0.448 0.453 0.459 0.464 0.469 0.475 0.481 0.487 0.494 0.477 0.461 0.445 0.431 0.416 0.403 0.39 0.377 0.365 0.354 0.343 0.332 0.322 0.312 0.302 0.292 0.283 0.273 0.264 0.256 0.247 0.239 0.231 0.224 0.216 0.209 0.202 0.195 0.188 0.181 0.175 0.169 0.162 0.155 0.148 0.142 0.136 0.13 0.125 0.12 0.115 0.11 0.105 0.101 0.096 0.092 0.088 0.085 0.081 0.078 0.074 
0.142 0.147 0.154 0.16 0.167 0.175 0.183 0.191 0.2 0.21 0.221 0.232 0.243 0.253 0.264 0.275 0.286 0.298 0.309 0.321 0.333 0.342 0.347 0.351 0.356 0.36 0.364 0.369 0.373 0.378 0.383 0.387 0.392 0.397 0.402 0.407 0.411 0.416 0.421 0.426 0.431 0.437 0.442 0.447 0.452 0.458 0.464 0.47 0.477 0.484 0.468 0.453 0.438 0.424 0.41 0.397 0.385 0.373 0.361 0.35 0.34 0.329 0.318 0.308 0.299 0.289 0.28 0.271 0.262 0.254 0.246 0.238 0.23 0.223 0.215 0.208 0.201 0.194 0.188 0.182 0.175 0.167 0.159 0.152 0.146 0.14 0.135 0.129 0.124 0.119 0.113 0.109 0.104 0.1 0.096 0.092 0.088 0.084 0.081 0.078 
0.136 0.142 0.148 0.154 0.161 0.169 0.177 0.185 0.194 0.204 0.215 0.225 0.235 0.245 0.256 0.267 0.278 0.29 0.301 0.313 0.322 0.327 0.331 0.335 0.34 0.344 0.348 0.353 0.357 0.362 0.366 0.371 0.376 0.381 0.386 0.39 0.395 0.4 0.405 0.41 0.415 0.42 0.426 0.431 0.436 0.442 0.448 0.454 0.461 0.468 0.477 0.461 0.446 0.432 0.419 0.405 0.393 0.381 0.37 0.359 0.347 0.337 0.326 0.316 0.306 0.297 0.288 0.279 0.27 0.262 0.253 0.245 0.238 0.23 0.223 0.216 0.209 0.202 0.196 0.188 0.179 0.171 0.164 0.157 0.151 0.145 0.139 0.133 0.128 0.122 0.117 0.112 0.108 0.104 0.099 0.095 0.091 0.088 0.084 0.081 
0.131 0.136 0.142 0.149 0.156 0.163 0.171 0.18 0.189 0.199 0.208 0.218 0.228 0.238 0.249 0.26 0.271 0.282 0.294 0.303 0.308 0.312 0.316 0.32 0.324 0.329 0.333 0.337 0.342 0.346 0.351 0.356 0.361 0.365 0.37 0.375 0.38 0.385 0.39 0.395 0.4 0.405 0.41 0.416 0.421 0.426 0.432 0.439 0.445 0.453 0.461 0.471 0.456 0.442 0.428 0.415 0.402 0.39 0.379 0.367 0.356 0.345 0.335 0.325 0.315 0.306 0.296 0.287 0.279 0.27 0.262 0.254 0.247 0.239 0.232 0.225 0.218 0.211 0.203 0.193 0.184 0.176 0.168 0.162 0.155 0.15 0.143 0.137 0.131 0.126 0.121 0.116 0.112 0.107 0.103 0.099 0.095 0.091 0.088 0.085 
0.125 0.131 0.137 0.144 0.151 0.158 0.166 0.175 0.184 0.193 0.202 0.211 0.221 0.232 0.242 0.253 0.264 0.276 0.285 0.289 0.293 0.297 0.301 0.305 0.31 0.314 0.318 0.323 0.327 0.332 0.336 0.341 0.346 0.351 0.356 0.36 0.365 0.37 0.375 0.38 0.385 0.39 0.396 0.401 0.406 0.412 0.418 0.424 0.431 0.438 0.446 0.456 0.467 0.452 0.439 0.426 0.413 0.401 0.389 0.378 0.367 0.356 0.345 0.335 0.325 0.316 0.307 0.298 0.289 0.281 0.273 0.265 0.257 0.249 0.242 0.235 0.228 0.22 0.209 0.198 0.189 0.181 0.174 0.167 0.161 0.154 0.147 0.141 0.135 0.13 0.125 0.12 0.116 0.111 0.107 0.103 0.099 0.095 0.092 0.088 
0.121 0.126 0.133 0.139 0.146 0.153 0.161 0.17 0.178 0.187 0.196 0.206 0.215 0.226 0.236 0.247 0.258 0.267 0.271 0.276 0.279 0.283 0.287 0.292 0.296 0.3 0.304 0.309 0.313 0.318 0.323 0.327 0.332 0.337 0.342 0.347 0.351 0.356 0.361 0.366 0.371 0.377 0.382 0.387 0.392 0.398 0.404 0.41 0.416 0.424 0.432 0.442 0.452 0.465 0.451 0.438 0.426 0.413 0.401 0.39 0.379 0.368 0.357 0.347 0.337 0.328 0.319 0.31 0.301 0.293 0.285 0.277 0.269 0.261 0.254 0.247 0.238 0.226 0.214 0.204 0.195 0.187 0.18 0.173 0.165 0.158 0.152 0.146 0.14 0.134 0.129 0.124 0.119 0.115 0.11 0.106 0.103 0.099 0.095 0.092 
0.116 0.122 0.128 0.134 0.141 0.149 0.157 0.165 0.173 0.182 0.191 0.2 0.21 0.22 0.231 0.242 0.25 0.255 0.259 0.262 0.266 0.27 0.274 0.278 0.282 0.287 0.291 0.296 0.3 0.305 0.309 0.314 0.319 0.324 0.328 0.333 0.338 0.343 0.348 0.353 0.358 0.363 0.368 0.374 0.379 0.385 0.39 0.396 0.403 0.41 0.419 0.428 0.439 0.451 0.465 0.452 0.439 0.427 0.415 0.404 0.392 0.382 0.371 0.361 0.351 0.342 0.332 0.324 0.315 0.306 0.298 0.29 0.283 0.275 0.268 0.259 0.245 0.232 0.221 0.211 0.202 0.193 0.186 0.178 0.17 0.163 0.156 0.15 0.144 0.139 0.134 0.128 0.123 0.119 0.114 0.11 0.106 0.103 0.099 0.096 
0.112 0.118 0.124 0.13 0.137 0.145 0.152 0.16 0.168 0.177 0.186 0.195 0.205 0.216 0.226 0.234 0.238 0.242 0.246 0.25 0.254 0.257 0.261 0.266 0.27 0.274 0.278 0.283 0.287 0.292 0.297 0.301 0.306 0.311 0.316 0.321 0.326 0.33 0.335 0.34 0.346 0.351 0.356 0.361 0.366 0.372 0.377 0.383 0.39 0.397 0.405 0.415 0.426 0.438 0.452 0.467 0.455 0.442 0.431 0.419 0.408 0.397 0.387 0.377 0.367 0.357 0.348 0.339 0.33 0.322 0.314 0.306 0.298 0.291 0.281 0.266 0.252 0.239 0.228 0.218 0.209 0.2 0.191 0.183 0.175 0.168 0.161 0.155 0.15 0.144 0.138 0.132 0.127 0.123 0.118 0.114 0.11 0.107 0.103 0.1 
0.108 0.114 0.12 0.126 0.133 0.14 0.148 0.155 0.164 0.172 0.181 0.191 0.201 0.211 0.219 0.223 0.227 0.23 0.234 0.238 0.241 0.245 0.249 0.254 0.258 0.262 0.266 0.271 0.275 0.28 0.285 0.289 0.294 0.299 0.304 0.309 0.313 0.318 0.323 0.328 0.333 0.339 0.344 0.349 0.354 0.359 0.365 0.371 0.377 0.385 0.393 0.402 0.413 0.426 0.439 0.455 0.472 0.46 0.448 0.436 0.425 0.414 0.404 0.394 0.384 0.374 0.365 0.356 0.348 0.339 0.331 0.323 0.315 0.305 0.289 0.273 0.259 0.247 0.235 0.225 0.216 0.206 0.197 0.189 0.181 0.174 0.167 0.161 0.155 0.148 0.142 0.137 0.132 0.127 0.123 0.118 0.115 0.111 0.107 0.104 
0.104 0.11 0.116 0.122 0.129 0.136 0.144 0.151 0.16 0.168 0.177 0.187 0.197 0.204 0.208 0.212 0.215 0.219 0.223 0.226 0.23 0.234 0.238 0.242 0.246 0.251 0.255 0.259 0.264 0.268 0.273 0.278 0.283 0.287 0.292 0.297 0.302 0.307 0.312 0.317 0.322 0.327 0.332 0.337 0.342 0.347 0.353 0.359 0.365 0.373 0.381 0.39 0.401 0.413 0.427 0.442 0.46 0.478 0.466 0.455 0.444 0.433 0.423 0.412 0.403 0.393 0.384 0.375 0.366 0.358 0.35 0.342 0.331 0.314 0.297 0.282 0.268 0.255 0.244 0.234 0.223 0.213 0.203 0.195 0.187 0.18 0.173 0.167 0.159 0.153 0.147 0.141 0.136 0.131 0.127 0.123 0.119 0.115 0.112 0.108 
0.101 0.106 0.112 0.119 0.125 0.132 0.14 0.148 0.156 0.165 0.174 0.183 0.19 0.194 0.198 0.201 0.205 0.208 0.212 0.215 0.219 0.223 0.227 0.231 0.235 0.24 0.244 0.248 0.253 0.258 0.262 0.267 0.272 0.276 0.281 0.286 0.291 0.296 0.301 0.306 0.311 0.316 0.321 0.326 0.331 0.336 0.341 0.347 0.354 0.361 0.37 0.379 0.389 0.401 0.415 0.431 0.448 0.466 0.486 0.475 0.464 0.453 0.442 0.432 0.423 0.413 0.404 0.395 0.386 0.378 0.37 0.359 0.341 0.323 0.307 0.291 0.277 0.265 0.253 0.241 0.23 0.22 0.21 0.202 0.194 0.187 0.18 0.171 0.164 0.157 0.151 0.146 0.14 0.136 0.131 0.127 0.123 0.119 0.116 0.113 
0.097 0.103 0.109 0.115 0.122 0.129 0.136 0.144 0.152 0.161 0.17 0.177 0.181 0.184 0.188 0.191 0.194 0.198 0.201 0.205 0.209 0.213 0.217 0.221 0.225 0.229 0.234 0.238 0.243 0.247 0.252 0.257 0.261 0.266 0.271 0.276 0.281 0.286 0.291 0.296 0.301 0.305 0.31 0.315 0.32 0.325 0.33 0.336 0.343 0.35 0.359 0.367 0.378 0.39 0.404 0.419 0.436 0.455 0.475 0.496 0.485 0.474 0.463 0.453 0.443 0.434 0.425 0.416 0.407 0.399 0.388 0.369 0.351 0.334 0.317 0.302 0.288 0.275 0.262 0.249 0.238 0.228 0.218 0.21 0.202 0.194 0.185 0.176 0.169 0.162 0.156 0.15 0.145 0.14 0.136 0.131 0.128 0.124 0.12 0.117 
0.094 0.1 0.106 0.112 0.119 0.126 0.133 0.141 0.149 0.158 0.164 0.168 0.172 0.175 0.178 0.181 0.184 0.188 0.191 0.195 0.199 0.203 0.207 0.211 0.215 0.219 0.224 0.228 0.233 0.237 0.242 0.247 0.251 0.256 0.261 0.266 0.271 0.276 0.281 0.286 0.29 0.295 0.299 0.304 0.309 0.314 0.32 0.326 0.332 0.34 0.347 0.356 0.367 0.379 0.392 0.408 0.425 0.444 0.464 0.485 0.506 0.495 0.484 0.474 0.464 0.455 0.446 0.437 0.428 0.417 0.399 0.381 0.363 0.345 0.329 0.313 0.299 0.285 0.271 0.258 0.247 0.236 0.227 0.219 0.21 0.199 0.19 0.181 0.174 0.167 0.16 0.155 0.149 0.145 0.14 0.136 0.132 0.128 0.125 0.122 
0.091 0.097 0.103 0.109 0.116 0.123 0.13 0.138 0.146 0.152 0.156 0.159 0.162 0.165 0.168 0.172 0.175 0.178 0.182 0.186 0.19 0.193 0.198 0.202 0.206 0.21 0.214 0.219 0.223 0.228 0.233 0.237 0.242 0.247 0.252 0.257 0.262 0.267 0.271 0.276 0.28 0.285 0.29 0.294 0.299 0.304 0.31 0.316 0.322 0.329 0.337 0.345 0.356 0.368 0.382 0.397 0.414 0.433 0.453 0.474 0.495 0.516 0.505 0.495 0.485 0.476 0.467 0.458 0.447 0.43 0.412 0.393 0.375 0.357 0.341 0.326 0.31 0.295 0.281 0.268 0.257 0.246 0.237 0.228 0.216 0.205 0.195 0.187 0.179 0.172 0.165 0.159 0.154 0.149 0.145 0.141 0.137 0.133 0.13 0.126 
0.088 0.094 0.1 0.106 0.113 0.12 0.127 0.135 0.141 0.144 0.148 0.15 0.153 0.156 0.16 0.163 0.166 0.17 0.173 0.177 0.181 0.185 0.189 0.193 0.197 0.201 0.206 0.21 0.215 0.219 0.224 0.229 0.233 0.238 0.243 0.248 0.253 0.258 0.262 0.267 0.271 0.275 0.28 0.285 0.29 0.295 0.3 0.306 0.312 0.318 0.326 0.335 0.345 0.357 0.371 0.387 0.404 0.423 0.442 0.463 0.484 0.505 0.526 0.515 0.506 0.496 0.487 0.476 0.46 0.443 0.425 0.407 0.388 0.371 0.354 0.337 0.321 0.306 0.292 0.279 0.268 0.257 0.247 0.233 0.221 0.21 0.201 0.192 0.184 0.176 0.17 0.164 0.159 0.154 0.15 0.145 0.142 0.138 0.134 0.131 
0.086 0.091 0.097 0.103 0.11 0.117 0.124 0.13 0.133 0.137 0.139 0.142 0.145 0.148 0.151 0.154 0.158 0.161 0.165 0.169 0.172 0.176 0.18 0.184 0.189 0.193 0.197 0.202 0.206 0.211 0.216 0.22 0.225 0.23 0.235 0.24 0.244 0.249 0.253 0.258 0.262 0.266 0.271 0.276 0.281 0.286 0.291 0.296 0.302 0.308 0.316 0.325 0.335 0.347 0.361 0.377 0.394 0.412 0.432 0.453 0.474 0.495 0.515 0.534 0.525 0.515 0.505 0.491 0.475 0.457 0.439 0.421 0.403 0.385 0.367 0.349 0.333 0.317 0.304 0.291 0.28 0.269 0.253 0.239 0.227 0.216 0.206 0.197 0.189 0.181 0.175 0.169 0.164 0.159 0.155 0.15 0.147 0.143 0.139 0.136 
0.083 0.089 0.095 0.101 0.108 0.114 0.12 0.123 0.126 0.129 0.131 0.134 0.137 0.14 0.143 0.147 0.15 0.153 0.157 0.161 0.165 0.168 0.172 0.177 0.181 0.185 0.189 0.194 0.198 0.203 0.208 0.212 0.217 0.222 0.227 0.232 0.236 0.24 0.245 0.249 0.253 0.258 0.262 0.267 0.272 0.277 0.282 0.286 0.292 0.299 0.306 0.315 0.325 0.337 0.351 0.367 0.384 0.403 0.423 0.443 0.464 0.485 0.506 0.525 0.542 0.532 0.52 0.505 0.489 0.472 0.454 0.436 0.417 0.398 0.38 0.362 0.345 0.33 0.316 0.304 0.292 0.275 0.259 0.245 0.233 0.222 0.211 0.202 0.194 0.186 0.18 0.174 0.169 0.164 0.16 0.155 0.152 0.148 0.144 0.141 
0.081 0.087 0.092 0.099 0.105 0.11 0.113 0.116 0.119 0.121 0.124 0.127 0.13 0.133 0.136 0.139 0.143 0.146 0.15 0.153 0.157 0.161 0.165 0.169 0.173 0.178 0.182 0.186 0.191 0.196 0.2 0.205 0.21 0.214 0.219 0.224 0.228 0.232 0.236 0.241 0.245 0.25 0.254 0.259 0.264 0.268 0.272 0.277 0.283 0.289 0.297 0.306 0.316 0.328 0.342 0.357 0.374 0.393 0.413 0.434 0.455 0.476 0.496 0.515 0.532 0.547 0.535 0.521 0.505 0.487 0.469 0.451 0.431 0.412 0.393 0.376 0.359 0.344 0.33 0.317 0.298 0.281 0.266 0.252 0.239 0.227 0.217 0.207 0.199 0.192 0.185 0.179 0.174 0.169 0.165 0.161 0.157 0.153 0.15 0.146 
0.079 0.084 0.09 0.096 0.101 0.104 0.107 0.109 0.112 0.114 0.117 0.12 0.123 0.126 0.129 0.132 0.136 0.139 0.143 0.146 0.15 0.154 0.158 0.162 0.166 0.171 0.175 0.179 0.184 0.189 0.193 0.198 0.203 0.207 0.212 0.216 0.22 0.224 0.229 0.233 0.238 0.242 0.247 0.251 0.255 0.259 0.263 0.268 0.273 0.28 0.288 0.296 0.307 0.319 0.332 0.348 0.365 0.384 0.404 0.425 0.446 0.467 0.487 0.505 0.52 0.535 0.55 0.536 0.52 0.502 0.484 0.465 0.445 0.426 0.407 0.389 0.373 0.358 0.343 0.323 0.305 0.288 0.272 0.258 0.245 0.232 0.222 0.212 0.204 0.197 0.19 0.185 0.179 0.175 0.17 0.166 0.162 0.158 0.155 0.151 
