Are 500 100 0.7670739870159481 0.03202781530023835 0 0 0.00976 88h4m23.102859813s
Dware 500 100 0.7944456472225889 0.030569926770920467 0 0 0.0075 156h45m5.871096705s
Gar375 500 100 0.7855506423625696 0.03460952760030753 0 0 0.00998 73h32m32.679361314s
H 500 100 0.8115209360037438 0.025691360854413217 0 0 0.00764 32m15.091844907s
Ham 500 100 0.3249561609446438 0.2028910944472458 0 0 0.0031 18m56.468772836s
Ine 500 100 0.7938186466345866 0.03123473385737841 0 0 0.00708 41m49.407197514s
Lsq 500 100 0.8076396135984545 0.029579270096721545 0 0 0.00876 54m35.937875781s
Msd 500 100 0.374418446473786 0.23403551230445577 0 0 0.00292 6h15m3.770885916s
Nsd 500 100 0.39833705830823307 0.24059044093898366 0 0 0.00278 4h33m40.394174773s
Par 500 100 0.7456234596138384 0.1348248279778555 0 0 0.00546 2h7m49.482227612s
Psis 500 100 0.811093165972664 0.02972274426328079 0 0 0.00796 2h17m57.470818205s
Ware 500 100 0.8153262846651388 0.02761010732338857 0 0 0.00736 122h2m42.876381522s
Wrcug 500 100 0.7538620282481131 0.10840782813254261 0 0 0.00984 84h56m8.973854586s
Wrcwg 500 100 0.8020603160812645 0.08238636795681535 0 0 0.00794 43h2m16.416905016s
Wrug 500 100 0.3988995543182173 0.1523281902142491 0 0 0.00334 51h5m18.736245334s
Wrwg 500 100 0.7790035947343787 0.07526580665885875 0 0 0.00716 28h44m18.963517029s
