Are 100 100 0.9988613261326132 9.72932699324176e-05 0 0 0.3726 52m22.823962479s
Bers 100 100 0.9991931593159312 5.173467973068108e-05 0 0 0.3454 64h23m43.034602932s
Dware 100 100 0.9994256225622565 3.908498971597466e-05 0 0 0.4683 1h36m3.146902361s
Gar25 100 100 0.14197983798379835 0.1338747135716302 0 0 0.0107 10m36.404004205s
Gar50 100 100 0.9991674767476745 4.747623188672463e-05 0 0 0.4206 25m50.969054854s
Gar75 100 100 0.9989494149414945 6.383387817578994e-05 0 0 0.3666 43m43.451340015s
H 100 100 0.9994213021302134 4.20113000971578e-05 0 0 0.4404 1m50.791987425s
Ham 100 100 0.7499193519351935 0.2843287327200362 0 0 0.147 54.654229974s
Ine 100 100 0.9988464446444638 4.471867542745913e-05 0 0 0.3595 2m19.87505493s
Lsq 100 100 0.9994192619261935 4.219495523001665e-05 0 0 0.44 2m59.729368895s
Msd 100 100 0.9780637263726376 0.07299701017326002 0 0 0.3497 17m58.333093258s
Nsd 100 100 0.9638660666066605 0.09633048908587777 0 0 0.3286 13m15.972903766s
Par 100 100 0.9995143114311424 3.400682296995415e-05 0 0 0.5736 8m24.368311173s
Psis 100 100 0.9994177017701779 4.17298572493868e-05 0 0 0.442 7m49.257062247s
Rgar25 100 100 0.14908958895889593 0.11283511819413207 0 0 0.0158 9m1.231022492s
Rgar50 100 100 0.9973776177617764 0.006643438024071285 0 0 0.3826 22m23.031944479s
Rgar75 100 100 0.9988141614161418 0.0001671460167493212 0 0 0.3449 36m1.097850397s
Ware 100 100 0.999429582958297 4.3604360436011256e-05 0 0 0.433 1h16m16.315389206s
Wrcug 100 100 0.9798990699069904 0.13345567154530205 0 0 0.3699 50m16.632019324s
Wrcwg 100 100 0.9898257425742579 0.096013522997275 0 0 0.4388 30m21.270880221s
Wrug 100 100 0.8821456945694571 0.12922524968578064 0 0 0.1219 41m4.638133054s
Wrwg 100 100 0.9992715271527155 0.0012431476086258242 0 0 0.4662 24m15.398171769s
