===R250===Are 250 100 0.9598674794796718 0.011777892303723636 0 0 0.05464 11h30m25.352385716s
Dware 250 100 0.9589280545288728 0.010177743249137517 0 0 0.04188 20h16m58.198508925s
Gar125 250 100 0.8790040723851585 0.1640736351668894 0 0 0.052 6h4m34.965584121s
Gar187 250 100 0.9715183487735799 0.009684584982320554 0 0 0.06948 9h46m41.868148119s
H 250 100 0.9676074151586423 0.006536968202002539 0 0 0.0518 9m27.033959456s
Ham 250 100 0.5867982066913072 0.28321252995767887 0 0 0.04544 5m51.042360317s
Ine 250 100 0.9630735237363796 0.00937161303627937 0 0 0.05168 11m30.912304414s
Lsq 250 100 0.9655050045600732 0.009127441011726448 0 0 0.05196 15m13.547443638s
Msd 250 100 0.8148722737963807 0.1757831098758981 0 0 0.04508 2h2m43.2532257s
Nsd 250 100 0.7907902884846161 0.17234821703189376 0 0 0.04768 1h29m40.467897155s
Par 250 100 0.95852591561465 0.008032526679940269 0 0 0.03564 35m34.360045643s
Psis 250 100 0.9677407958527334 0.00745905271599328 0 0 0.0554 38m58.123563373s
Rgar125 250 100 0.4246788767820285 0.21588096174105956 0 0 0.0132 3h21m23.049034218s
Rgar187 250 100 0.8674947093553496 0.03043294254416526 0 0 0.02812 5h20m4.082940699s
Ware 250 100 0.9672783526136414 0.006725347072920171 0 0 0.04856 16h46m35.141321132s
Wrcug 250 100 0.9485622003552059 0.09139384667882944 0 0 0.0546 11h59m48.658961601s
Wrcwg 250 100 0.9682279306868915 0.007466625644194906 0 0 0.05484 6h36m37.240996263s
Wrug 250 100 0.6142839840637451 0.2281262880601955 0 0 0.017 7h42m30.937767004s
Wrwg 250 100 0.9451770172322758 0.011128598915983338 0 0 0.0322 4h32m6.009788037s
